step-3
action-[-1.         -0.08969477]
observation-[ 2.33671206e-05  6.66257017e-04 -1.88050624e-04  1.99999912e-01
  9.40253122e-04 -9.99999558e-01]
step-6
action-[ 0.7932732 -1.       ]
observation-[ 6.68952531e-04  1.98813343e-03 -1.12681112e-03  4.13300002e-02
  2.72536309e-02 -9.99628551e-01]
step-9
action-[-0.14576162 -0.13137662]
observation-[ 6.81269917e-04  2.49861283e-03 -1.99574191e-03  7.04694280e-02
  2.83093265e-02 -9.99599211e-01]
step-12
action-[-0.8663534  1.       ]
observation-[ 8.35360501e-05  3.63333751e-03 -1.30908664e-03  2.43764846e-01
  5.37020734e-03 -9.99985580e-01]
