Steps	update/episode	update/cum_cost	train/reward	train/cost	train/length	loss/kl	loss/entropy	loss/rew_loss	loss/cost_loss	loss/optim_A	loss/optim_B	loss/optim_C	loss/optim_Q	loss/optim_R	loss/optim_S	loss/optim_lam	loss/optim_nu	loss/optim_case	loss/step_size	loss/vf0	loss/vf1	loss/vf_total	update/gradient_steps	test/reward	test/cost	test/length	update/duration	update/test_time	update/test_speed	update/train_collector_time	update/train_model_time	update/train_speed	update/remaining_epoch	update/env_step
10198	110.0	0.0	-28.949402853597196	0.0	50.6	0.006690972496289759	2.8377911686897277	0.019166654443821703	-0.00011259527521944007	-0.19632523016334746	-4727.885140419007	-10.000112509727478	-0.01131588925491088	0.10004272225414751	-0.07069772599788848	nan	-0.0008055853657424451	2.85	0.3005597650244487	3337.157852959634	2691.7532947659492	6028.911077690124	22.0	-319.0069863748788	0.0	500.0	318.6349604129791	10.632053852081299	94.05520456466114	31.377004623413086	276.62590193748474	33.110077154364994	99.0	10198.0
20262	10.0	310.0	0.0	-28.53305195620572	0.0	50.0	0.00702542852377519	2.8378531575202937	0.0137409675106688	0.0014449646056342582	2.7875218926114025	42749.09328460694	-9.998555159568788	-0.03009973096777685	-0.04839147461025277	0.009262696492805844	nan	-0.013490608334541321	2.7750000000000004	0.07570418046766968	17.634280562400825	1341.1629488706587	1358.797256040573	62.0	-23.496206826633532	0.0	44.0	646.4548654556274	11.627388000488281	93.65818014796345	62.56868290901184	572.2587945461273	31.917333007111115	98.0	20262.0
30269	10.0	510.0	0.0	-28.956148268569557	0.0	49.4	0.006647703400813043	2.8379758179187777	0.01385922212783999	0.0032370238943990157	-0.06987200348521584	-6561.33391532898	-9.996763038635255	0.014234487574140075	-0.0100247799528006	0.05318216839950766	nan	-0.022892793361097577	2.725	0.1256653224331404	490.8036289930342	240.04589530825618	730.8495157718658	102.0	-21.254048414121584	0.0	38.0	974.9654040336609	12.49330186843872	93.24996804432368	93.72045302391052	868.7516491413116	31.44922323660649	97.0	30269.0
40619	10.0	720.0	0.0	-26.946194847752853	0.0	46.63636363636363	0.006762888028540394	2.838016775521365	0.016428466545573756	0.003461264368516519	0.21617572658314282	-3052.8373475508256	-9.99653866074302	-0.0888513364056549	0.019018895305634935	0.021535984938964248	nan	-0.009656440805305134	2.840909090909091	0.2506606058102069	1415.9071741320872	1502.6663927246223	2918.5735498775134	144.0	-47.878509713593736	0.0	75.0	1302.2259559631348	14.067963123321533	93.47479720216386	124.44289088249207	1163.7151019573212	31.53262272623348	96.0	40619.0
50920	10.0	940.0	0.0	-26.742035301276314	0.0	46.27272727272727	0.006934628779576584	2.8379299044609074	0.019423874005483406	0.00246261745369492	0.00779744448796423	-12986.091645674274	-9.997537396170879	0.008989849283931433	0.0067856624254173685	0.020878234895380134	nan	-0.01003120230002837	2.8409090909090913	0.1597050359167883	37.635792016983025	1297.596135773442	1335.231932770122	188.0	-39.71728024974198	0.0	79.0	1644.0458195209503	15.867239713668823	92.89580460111306	156.39767813682556	1471.780901670456	31.274210723265455	95.0	50920.0
61794	10.0	1170.0	0.0	-26.12070995661932	0.0	44.91666666666667	0.006662757718004285	2.8378153194983797	0.023950947066347997	0.011240925621103471	-1.340100783738308	-9075.11720174551	-9.98875900109609	-0.002142819351623377	-0.12354367085451184	0.4830044339808713	nan	-0.0026225832746907454	2.75	0.22969668318210698	107.10050050417586	4.990265565613906	112.09076819817226	234.0	-40.93533310205015	0.0	72.0	2015.1011679172516	17.49518346786499	92.48259687998866	189.911372423172	1807.6946120262146	30.934028272363577	94.0	61794.0
72384	10.0	1410.0	0.0	-25.90005160169041	0.0	43.66666666666667	0.006921724319302788	2.837959463397662	0.02348001114276199	0.0010040637514415129	-0.36950921652775504	-3099.9606157938633	-9.998995979626974	0.03649688325216024	0.04422714841348352	0.06950150623257893	nan	0.0	2.9375000000000004	0.2088852752183856	859.6953556934994	605.5046903553109	1465.2000310222309	282.0	-23.606018515267067	0.0	50.0	2364.2176461219788	18.659823894500732	92.12305591515306	221.87671542167664	2123.6811068058014	30.860036497100698	93.0	72384.0
82422	10.0	1650.0	0.0	-25.40251720870954	0.0	41.333333333333336	0.006084674047694233	2.8381094137827545	0.026988342499034822	-0.007669614698237855	-0.022487887428724176	-564.2671492497127	-10.007669667402903	-0.6238080131200453	-0.29682884527392167	-0.1520419167742754	nan	-0.07390631983677545	2.7708333333333335	0.27132457290176476	11.091630856196087	0.7233382277190685	11.814969102541607	330.0	-27.19315581267439	0.0	45.0	2708.2098286151886	19.63050889968872	92.15247598745059	254.09964275360107	2434.479676961899	30.656339352012026	92.0	82422.0
92650	10.0	1900.0	0.0	-23.79321615086681	0.0	39.0	0.006727589536100053	2.8381558656692505	0.018083589052102004	0.006018390088135423	-0.15621453230806556	-1087.7664465537441	-9.993981673167301	0.027449199541479175	-0.02086653757018772	0.04274406406777696	nan	-0.02059267346675579	2.8653846153846154	0.1928352428367814	301.9568444490433	35.22586317073841	337.1827162779295	380.0	-29.535651193099433	0.0	44.0	3065.8746542930603	20.598227739334106	92.14384965632766	285.76629853248596	2759.5101280212402	30.424167471998597	91.0	92650.0
102781	10.0	2170.0	0.0	-22.08781826455377	0.0	35.785714285714285	0.006721156125422567	2.838133130754743	0.021851110928954462	0.0019903702131351	53.89508828136397	-39.88809558323483	-9.99800961358207	-0.20609102329763124	0.12531020177162386	0.01681361858417016	nan	-0.03337755905730384	2.785714285714286	0.08978193525182579	25.43734791449138	117.37719504641635	142.81454209770473	434.0	-18.145993017330746	0.0	28.0	3462.638804912567	21.237443447113037	92.05439462939489	317.6478385925293	3123.753522872925	29.866031074106598	90.0	102781.0
112975	10.0	2450.0	0.0	-21.870196997821527	0.0	35.85714285714285	0.0066150286334699816	2.8381105618817455	0.02129987282448463	-0.003996849854584927	0.3626047204265238	-398.25181075504844	-10.003996815000262	-0.065940659800877	-0.06278735231275534	0.058138792810495964	nan	-0.08157994385276524	2.7321428571428568	0.0719368801994656	24.26008634056365	2854.025661795267	2878.2857720937054	490.0	-20.439456144683476	0.0	36.0	3861.3169498443604	22.06086826324463	91.92747881908295	350.7668354511261	3488.4892461299896	29.426273632019267	89.0	112975.0
123711	10.0	2740.0	0.0	-21.824582457038428	0.0	35.26666666666667	0.006623640128721791	2.8381069819132487	0.02358095367722091	0.008886404540521536	-1.5713709331738457	22429.53466593424	-9.991113630930586	0.105874341140346	-0.007156199181918068	0.02599427245537904	nan	-0.012608029817541437	2.750000000000001	0.15050580002922542	4075.7243093649536	0.9414782951275511	4076.665825088818	548.0	-34.34078519633995	0.0	58.0	4270.470426082611	23.48601460456848	91.33094891215627	385.0354344844818	3861.948976993561	29.129139175941994	88.0	123711.0
133747	10.0	3040.0	0.0	-20.60871311739584	0.0	32.93333333333334	0.0065471635820964985	2.8380837162335713	0.02177615565913346	0.005010871332436432	0.5301293885257717	19599.018390099198	-9.994989188512163	-0.27970471299146693	0.06277391902015854	0.2092352042279042	nan	-0.04728590672214826	2.733333333333333	0.3337601768504346	17.27508853276571	87.37101122885942	104.64609751701354	608.0	-18.475166803858997	0.0	25.0	4649.610342264175	24.081188917160034	91.19151083255488	417.4160280227661	4208.113125324249	28.914962065090688	87.0	133747.0
144276	10.0	3350.0	0.0	-20.580126330534018	0.0	32.4375	0.006915326899616049	2.8380908481776714	0.023299677691566323	0.00505712918710096	-6.297483419664785	-2930.9452370554204	-9.99494290351868	-0.07318003259115359	1.548071671136313	0.5213393851627188	nan	0.0	2.765624999999999	0.15675542081294827	7.123156078159809	119.45404381211848	126.5772025585175	670.0	-15.798966526511071	0.0	22.0	5072.444888591766	24.612671613693237	91.05066021167819	451.00026297569275	4596.83195400238	28.581774076154225	86.0	144276.0
154722	10.0	3670.0	0.0	-20.547911307426617	0.0	32.25	0.006585272654774599	2.838074330240488	0.023220445137054686	-0.0032753293755580786	218.8753927621184	-2676.806969165802	-10.003275275230406	3.4300715732642857	-0.9241481838953415	0.028541431815028762	nan	-0.0569784383988008	2.7500000000000004	0.2973321226244003	6.492619957774879	144.1392203848809	150.6318421885371	734.0	-27.68248150145676	0.0	43.0	5477.647685289383	25.58374857902527	90.95617840412102	485.67504239082336	4966.388894319534	28.378610705243393	85.0	154722.0
165276	10.0	3990.0	0.0	-20.42351183357643	0.0	32.5625	0.006478308256191666	2.837906785309315	0.028667829347248437	-0.0032563004148667076	-19.757924942670797	-4707.673119466751	-10.003256276249889	-5.2055085532661005	-2.830835253222176	-1.4475427649376797	nan	-0.09552284120582043	2.828125000000001	0.2504801201377859	5.880489371716974	4.4947218280285615	10.375211194157599	798.0	-23.253223848557838	0.0	39.0	5884.119073629379	26.518566131591797	90.72888737878296	519.7424247264862	5337.858082771301	28.215649016768054	84.0	165276.0
175542	10.0	4320.0	0.0	-19.765100775308873	0.0	29.58823529411765	0.006800523486590999	2.837800562381744	0.022512396424619746	0.00453111712617774	-0.22266251753813673	-3556.911692675422	-9.995468826854928	-0.12823319853615583	0.004723293293650115	0.03773574406445465	nan	-0.002724796095315148	2.8529411764705883	0.2064461275714993	20.697330310064203	63.352881147142725	84.05021245689949	864.0	-15.659542506739776	0.0	28.0	6289.711007356644	27.180744886398315	90.61561816256643	551.4687876701355	5711.06147480011	28.030523229880206	83.0	175542.0
185722	10.0	4660.0	0.0	-19.120508934583036	0.0	29.470588235294116	0.00702140259090811	2.8374737956944633	0.02200907447021054	-0.0002325883889959865	0.012443273020086486	-4248.121257557589	-10.000232612385469	-0.0007415947500917619	-0.0009569636338924508	0.041515261468970596	nan	-0.013598397812422584	2.8235294117647056	0.17699228625914515	4.269319818300357	0.4686768843847161	4.737996690413531	932.0	-14.688171499027266	0.0	22.0	6700.7899441719055	27.709519386291504	90.51041142347498	582.7725176811218	6090.307907104492	27.83152430025848	82.0	185722.0
195919	10.0	5000.0	0.0	-19.38841039158613	0.0	29.58823529411765	0.006609689204624908	2.8372709014836475	0.024667562507876835	0.00560002560162021	0.003910888054473186	507.87204271204314	-9.994400066487929	-0.020161049479022898	0.01780215480090085	-0.0028990085800828925	nan	-0.013674787738743945	2.7941176470588243	0.20641868849939934	5.097562782904681	0.4371016525170382	5.534664455582115	1000.0	-18.90481014898549	0.0	37.0	7119.96602845192	28.552531003952026	90.4298116213452	615.1705706119537	6476.242926836014	27.627637292693006	81.0	195919.0
205919	10.0	5350.0	0.0	-18.164532858791453	0.0	27.22222222222222	0.006593291828822759	2.8370556467109256	0.021805130611763982	0.000421919684961556	0.018116834858018484	-4909.295293384126	-9.999578038851423	-0.4876062666783885	-0.09661035334081845	-0.005246091019620893	nan	-0.161969143897295	2.8611111111111116	0.26435670029770375	3.8318516628609753	0.44087527650925845	4.272726906670466	1070.0	-14.013041054881326	0.0	18.0	7530.976036071777	28.95224905014038	90.4247540654292	645.4030184745789	6856.620768547058	27.448460021712553	80.0	205919.0
216254	10.0	5730.0	0.0	-17.20931934155999	0.0	25.500000000000004	0.006638125941390173	2.836756658554077	0.019726315915367356	0.0006589645402766154	0.44559393479430587	-3418.7242494583134	-9.999341011047363	0.051339718973031266	0.13919631455974013	-0.021812737286381886	nan	0.0	2.812500000000001	0.188034381985511	3.502467307448387	1.3654819108545777	4.86794922053814	1146.0	-12.772533901688263	0.0	18.0	8000.24468255043	29.367164373397827	90.4070943398616	677.7979056835175	7293.079612493515	27.13051348572949	79.0	216254.0
226619	10.0	6140.0	0.0	-16.53395585636855	0.0	24.19047619047619	0.00673417941046258	2.8363597137587413	0.021458395649534185	-0.01586727878387171	3.6772640742378173	931.3991583472205	-10.015867244629632	-0.15659978635401436	-0.08612524414760027	0.5621643483727461	nan	-0.08159547785747254	2.7023809523809526	0.08385312677595916	14.837126341604044	308.5774530654863	323.41458827540987	1228.0	-13.312363955318935	0.0	18.0	8493.641969203949	29.782361030578613	90.35549590031006	709.6948292255402	7754.16477894783	26.774900635303403	78.0	226619.0
236707	10.0	6560.0	0.0	-16.12665701006974	0.0	23.476190476190478	0.006527794874273243	2.836020463988894	0.027111626090004087	-0.02485408226376675	0.023224415649781876	-670.2954926717848	-10.02485408101763	-0.35302755795696383	-0.35059930629185626	-0.28287093660522555	nan	-0.2569532970193817	2.595238095238096	0.0718723651693024	8.581550819533213	0.4916870594024659	9.07323783352261	1312.0	-16.47686211428537	0.0	24.0	9008.688496112823	30.348667860031128	90.2510783218671	739.9151768684387	8238.424651384354	26.364228190064374	77.0	236707.0
246809	10.0	6980.0	0.0	-16.366135461977287	0.0	23.523809523809526	0.006667880025426192	2.8359547768320352	0.024471406142082656	-0.0244182995495368	0.5627543200888403	2588.826399303618	-10.0244182291485	-0.024754890084122527	-0.038937191307056876	-0.014950206647751797	nan	-0.22201161857117854	2.5476190476190474	0.04809681059232609	8.932947993278505	0.4711702753390584	9.404118271101087	1396.0	-14.518003093974123	0.0	17.0	9528.965500354767	30.76670241355896	90.16240878572322	770.7286951541901	8727.470102787018	25.984821464623096	76.0	246809.0
257000	10.0	7410.0	0.0	-15.801540002617054	0.0	22.68181818181818	0.006654468126891352	2.8356696421449845	0.028202606553462628	-0.025599653649626394	-0.17964879788500662	40.22282136570277	-10.02559973976829	-0.04074866426658859	-0.019047806641372664	0.019355683431389176	nan	-0.1334622047672218	2.715909090909091	0.10279565343047381	8.838662087917326	0.452963469719345	9.291625505143946	1482.0	-15.597720640149717	0.0	19.0	10035.084530353546	31.248430728912354	90.02052053120526	801.2823836803436	9202.55371594429	25.690145004439167	75.0	257000.0
267285	10.0	7850.0	0.0	-16.036545179672473	0.0	22.86363636363636	0.006711692797993735	2.8353381156921404	0.02810198599383869	-0.029540581282111487	-0.07227100208084188	158.4252712943339	-10.029540603811089	-0.11880424439335566	-0.1149509750711413	-0.06419955311470077	nan	-0.15607895303395938	2.59090909090909	0.10272635317352767	8.95309114998037	0.4626586047763173	9.415749739516867	1570.0	-13.301035522225071	0.0	17.0	10557.441560983658	31.64970636367798	89.98503705767199	832.0604600906372	9693.731394529343	25.393338923254813	74.0	267285.0
277557	10.0	8290.0	0.0	-15.92217440238215	0.0	22.772727272727273	0.006377152013804086	2.8351410058411695	0.023752643416925578	-0.02291591054410876	0.032915003015659736	-1112.2512825077233	-10.022915926846592	0.24554186171603348	0.182393971474746	0.13426270898674944	nan	-0.20297621613876382	2.511363636363636	0.057283695007196746	8.532146215438845	0.4394499182023785	8.971596138043838	1658.0	-16.167365471446676	0.0	19.0	11100.689562797546	32.12105131149292	89.87875185041128	862.2227478027344	10206.34576368332	25.076142385709055	73.0	277557.0
287722	10.0	8730.0	0.0	-16.059527944503927	0.0	22.636363636363633	0.006667834198610348	2.8348073769699433	0.02737972936233058	-0.029558573973945453	0.25735643211836834	-1179.6613076762712	-10.029558571902188	-0.06946673251381566	-0.19776414910103826	-0.4158037075950149	nan	-0.18099080618809577	2.625	0.011976881098879106	8.395316898822783	0.4006953639062968	8.796012276952919	1746.0	-14.97388194367737	0.0	21.0	11626.225704669952	32.58929371833801	89.90682723361039	892.373820066452	10701.262590885162	24.81723505907182	72.0	287722.0
297879	10.0	9170.0	0.0	-15.859547923942575	0.0	22.636363636363637	0.0061534467227333635	2.834425636313178	0.02443459515126067	-0.02446398291358748	-1.140196283641589	-1545.9501595930626	-10.02446396784349	-0.1370295853260111	-0.11878480040865147	-0.1445988737290132	nan	-0.1833468919450586	2.659090909090908	0.03467946756020581	41.418337388472125	0.41630099442872126	41.83463923497634	1834.0	-14.312177898789466	0.0	18.0	12150.411167860031	33.01521015167236	89.86766967011745	922.3618612289429	11195.034096479416	24.58275697514921	71.0	297879.0
308326	10.0	9610.0	0.0	-16.094322708587143	0.0	23.31818181818182	0.006477512704970482	2.833942077376626	0.031069704034233918	-0.02994002976380613	-0.004088803869142966	-150.23529070073903	-10.029940030791543	-0.003466131349134892	-0.007740271534037835	-0.004838345376563012	nan	-0.14540204862979325	2.602272727272727	0.0915717308419782	11.29522817785089	0.4293144345283507	11.724542476914143	1922.0	-11.887557908041199	0.0	17.0	12669.077053070068	33.39736199378967	89.85739653802727	952.9275438785553	11682.752147197723	24.40122000067394	70.0	308326.0
318492	10.0	10050.0	0.0	-15.774062473316738	0.0	22.681818181818183	0.006500049732329156	2.8334449529647823	0.023824193489087177	-0.022770685410826455	-366.0701060480073	-5453.307758569718	-10.022770686583085	10.941523415378468	4.312198871453139	0.0786165803352064	nan	-0.15778153710363602	2.704545454545453	0.11421482633661789	3049.078710279682	0.4086378619752146	3049.4872977137575	2010.0	-14.971832778835218	0.0	21.0	13175.498034715652	33.89564347267151	89.80505127315953	983.8101079463959	12157.792283296585	24.235400715838875	69.0	318492.0
328908	10.0	10490.0	0.0	-16.48908061431961	0.0	23.227272727272727	0.006171768160790881	2.8327559720386155	0.020520980668773683	-0.00033479471087553755	-0.0005116345485227869	-1626.9793917916036	-10.000334815545514	-0.05283066932970955	0.03554456028028983	-0.05887767582184592	nan	-0.06531467607884396	2.6136363636363633	0.012024654313252694	82437.9426385923	0.4460133795033802	82438.38866913317	2098.0	-13.610867211503962	0.0	20.0	13702.766101121902	34.346731424331665	89.79020337915632	1014.4251625537872	12653.994207143784	24.063352982070338	68.0	328908.0
339332	10.0	10930.0	0.0	-16.051984389403028	0.0	23.18181818181818	0.006671527532902968	2.8325006582520214	0.027023515862920865	0.02955632060121723	0.7906213108640675	5691.285372663627	-9.970443693074316	-0.15788404835265363	0.24966885184932672	-0.3420402940623306	nan	0.0	2.5340909090909083	0.03471699492905926	1118.853778503158	0.7475509040734984	1119.6013065251436	2186.0	-23.45469532524633	0.0	34.0	14233.915602207184	35.098636627197266	89.80405801738678	1046.1537699699402	13152.663195610046	23.898610766135693	67.0	339332.0
349553	10.0	11370.0	0.0	-15.999021847124583	0.0	22.727272727272723	0.006601253640837969	2.8320230083032083	0.028202853963284393	0.02860820095132062	0.04717254021670671	-52508.72174631467	-9.971391818740152	0.02195848767852029	-0.013494340000844122	-0.0074628784918579815	nan	0.0	2.6590909090909087	0.057429574876641465	11.03630608320236	0.679698020219803	11.716004100712858	2274.0	-24.306239323680842	0.0	29.0	14747.719061374664	35.784857749938965	89.73069063004664	1076.715181350708	13635.219022274017	23.759826217403635	66.0	349553.0
359864	10.0	11810.0	0.0	-16.278302133277037	0.0	22.954545454545453	0.006394830394790253	2.831625488671389	0.02507780383522298	0.02402831360667335	0.045256530388459476	-4915.720130898737	-9.975971720435403	-0.012743183616748862	0.014137289912138277	0.03751189456405964	nan	0.0	2.6590909090909087	0.19375975023288622	10.607928839596834	0.8981403938748624	11.506069226698441	2362.0	-13.63077173899128	0.0	21.0	15252.114579916	36.2549786567688	89.72560791709817	1107.2217037677765	14108.637897491455	23.650586258709854	65.0	359864.0
370229	10.0	12250.0	0.0	-16.15366124271268	0.0	23.0	0.006509432008235971	2.8307489427653225	0.021581863260884123	0.021637632595570257	-0.7303943856730424	-378599.91203365027	-9.97836236520247	-0.3498719009234762	0.39887181375078484	-0.5264682575805802	nan	0.0	2.693181818181818	0.13697553091238612	9.290542672980916	0.7717538306658914	10.06229648806832	2450.0	-18.205944884658727	0.0	27.0	15751.97682929039	36.85999584197998	89.71786145004515	1137.4936561584473	14577.623177289963	23.558781262891806	64.0	370229.0
380339	10.0	12690.0	0.0	-15.726855113768005	0.0	22.5	0.006563109552106735	2.8302086022767146	0.024426609793698144	0.02413821208449471	0.3825705439296807	14367.698169318111	-9.97586179863323	0.040581312015009724	-0.05241230361901794	0.026842544727101507	nan	0.0	2.6704545454545445	0.06881983628705998	9.929982927712526	0.5585256672718307	10.488508592952384	2538.0	-12.350707163645737	0.0	19.0	16258.637551307678	37.26771521568298	89.75597190869266	1167.6699857711792	15053.699850320816	23.446786790703623	63.0	380339.0
390519	10.0	13130.0	0.0	-15.908275530306346	0.0	22.681818181818183	0.0066742194573056295	2.829348664392125	0.019684119029783658	0.019324043595064785	0.1793871275797508	609.2537400722503	-9.980675892396405	-0.03986523801094418	0.17094268650345673	-0.2043245443763391	nan	0.0	2.738636363636364	0.08014529357579449	10.050462441010911	0.424303452399644	10.474765940146012	2626.0	-17.391904474815675	0.0	21.0	16763.967754364014	37.747103214263916	89.75523183245858	1197.9824538230896	15528.23819732666	23.34771303959547	62.0	390519.0
400528	10.0	13570.0	0.0	-15.412787889142521	0.0	22.181818181818183	0.006694174006538976	2.828952483155511	0.02957326458942798	0.030955622002850125	-0.09660332378329753	-6349.336440162222	-9.969044446945192	-0.21121750216893398	0.18887763368795946	-0.16709416265968524	nan	0.0	2.6136363636363633	0.06876436078392076	8.704130920496853	0.3701526001095772	9.07428345896981	2714.0	-24.157302124906238	0.0	44.0	17303.86812233925	38.76012825965881	89.7055855106349	1227.6109359264374	16037.497058153152	23.19869647715762	61.0	400528.0
410891	10.0	14020.0	0.0	-15.491867682989001	0.0	22.04347826086957	0.006553345567384816	2.8282270094622737	0.0186145625198607	0.01588348763241787	0.032553842514259836	-3206.82211231667	-9.984116554260254	-0.0006652579841497484	0.00263449304190505	0.12431851835951764	nan	-0.027594319504240284	2.630434782608695	0.0441059897958673	9.064648597136788	0.32849275385556004	9.393141383710113	2804.0	-10.262147566118026	0.0	16.0	17862.99424624443	39.13610124588013	89.68701245808175	1257.7438743114471	16566.114270687103	23.05286524709566	60.0	410891.0
421345	10.0	14480.0	0.0	-15.619409671253626	0.0	22.391304347826086	0.006482927837287603	2.8279185761576127	0.02622638875725217	0.02532634350892805	-0.6111489127519157	-2768.953640398773	-9.974673602892006	-0.10344169427369942	0.10738187505352396	-0.11648111732147699	nan	0.0	2.6195652173913038	0.14193875958573343	42.57218373858411	0.3756687731846519	42.9478516008543	2896.0	-14.766961707599322	0.0	17.0	18402.24725627899	39.52187728881836	89.67185374573992	1288.7681448459625	17073.95723414421	22.945667993384276	59.0	421345.0
431434	10.0	14930.0	0.0	-15.49434581882871	0.0	22.500000000000004	0.0066160473030653175	2.827562126246366	0.020466115605033797	0.021343125626409425	0.4942386976098615	6490.45785634084	-9.97865689884533	0.15392710000262685	-0.1832460544396158	0.009846720231424985	nan	0.0	2.727272727272727	0.08037673606312874	45.358635582707144	0.5916601165451786	45.9502958167683	2986.0	-22.541951049882417	0.0	43.0	18898.258935689926	40.55116295814514	89.51654490764426	1319.5842587947845	17538.123513936996	22.878390374881775	58.0	431434.0
441801	10.0	15370.0	0.0	-16.153857169274865	0.0	23.18181818181818	0.006683608014348218	2.8269339393485677	0.023203646546675023	0.020370790654822602	-1.0108015805043657	3738.0986430861735	-9.979629158973696	-0.1683098525200793	0.3053786028421284	0.0282315615040716	nan	0.0	2.6818181818181817	0.05759610745356797	16.83763132312081	0.6513018804517661	17.488933216441758	3074.0	-34.53130903889402	0.0	48.0	19424.164868831635	41.59262037277222	89.5831992936697	1351.5580072402954	18031.014241218567	22.79372388435845	57.0	441801.0
451801	10.0	15800.0	0.0	-16.27145452095985	0.0	23.333333333333332	0.006621406130891823	2.8264288817133205	0.029087615663868256	-0.029461819436126552	-0.020984399011857544	376.3777340480257	-10.029461803890412	-0.07806795611534088	-0.03626004305191426	-0.014128809101835267	nan	-0.19190108248311627	2.6428571428571415	0.09587445548327535	10.047722515605741	0.7728928157261443	10.820615337008519	3160.0	-12.946529658854184	0.0	17.0	19935.68509197235	41.969324827194214	89.61306896133442	1382.3459050655365	18511.36986207962	22.710739677207904	56.0	451801.0
461959	10.0	16230.0	0.0	-15.98597809306459	0.0	22.636363636363633	0.0064356775546912095	2.826255267316644	0.02278494332305039	-0.02203727820244106	0.017395005676503802	4666.181253780017	-10.022037235173311	0.051441963144911416	0.00988093787699737	-0.012669973500702663	nan	-0.22415752282201884	2.647727272727273	0.04605972236615361	9.113346690481361	2.121397527104074	11.23474424535578	3246.0	-13.022332812347987	0.0	17.0	20470.026563882828	42.310335636138916	89.69439601321767	1412.7768924236298	19014.93933582306	22.614324324773037	55.0	461959.0
472171	10.0	16670.0	0.0	-16.063274004063324	0.0	22.77272727272727	0.006632083439564504	2.825923518701033	0.021069696179419443	-0.021136375244645796	-0.6540696381350491	-1470.6408451958137	-10.021136424758215	-0.18468450856049787	0.2411717385349964	0.31239929381461645	nan	-0.06294869024057011	2.738636363636363	0.13695628834904258	9.691080841151157	1.0751036073673854	10.766184449195862	3334.0	-12.694441669189235	0.0	18.0	20985.23791527748	42.73687481880188	89.66495599519435	1443.1374232769012	19499.363617181778	22.546065490832063	54.0	472171.0
482561	10.0	17110.0	0.0	-16.03591095770866	0.0	23.045454545454547	0.006807862511116334	2.825408363884145	0.03002686718586382	-0.02741362360919664	-0.5384211498127448	-1138.0657271356743	-10.027413628318095	-2.8599545195254237	-4.551188767987532	-11.993031626863573	nan	-0.1923099890012634	2.556818181818182	0.011980649960789125	10.41750193725933	23.3411889184605	33.758690703998916	3422.0	-12.665207986414323	0.0	16.0	21529.44605565071	43.0753288269043	89.7033198638427	1475.0895128250122	20011.281213998795	22.458934835261214	53.0	482561.0
492941	10.0	17560.0	0.0	-15.589400218846311	0.0	22.130434782608695	0.00673189094674814	2.8245301661284072	0.02265093143080577	-0.02012846711250167	-1.3100595976701819	-3653.4601511747946	-10.020128488540651	0.015287243987625938	0.009106916269165986	0.05970640071040099	nan	-0.13066254843910782	2.7717391304347823	0.10928055113712001	9.494500346805744	1.1032321550275972	10.597732523213258	3512.0	-21.48258563505493	0.0	37.0	22055.610065698624	43.934810161590576	89.63279881069667	1506.1054275035858	20505.569828033447	22.394524463829747	52.0	492941.0
503195	10.0	18010.0	0.0	-15.852626192376531	0.0	22.818181818181817	0.006771796457046134	2.823787055232308	0.013777004161295552	-0.012521606193739734	0.16042403840269376	144127.11369046295	-10.012521624565125	0.0356599057429941	0.0037666667971775892	0.008941301852680475	nan	-0.16044240309433497	2.6477272727272725	0.04610508093376901	9.791669303720647	8.30301143364473	18.094680591063078	3602.0	-12.356726518646076	0.0	20.0	22590.953342676163	44.403587102890015	89.58735677778364	1537.6363480091095	21008.913407564163	22.318048901278807	51.0	503195.0
513513	10.0	18460.0	0.0	-15.48689348820271	0.0	22.0	0.006804865364835639	2.8230779196905065	0.02417805578316688	-0.02457206509055246	3.103289611660369	3615.411850701207	-10.024572113285892	0.006107424658535894	0.04669519456302107	0.04258060127777636	nan	-0.13109925948083395	2.6195652173913038	0.05504884401755586	9.184431573619015	8.561173867920173	17.74560552058013	3692.0	-12.216510871256187	0.0	18.0	23140.131816387177	44.806015491485596	89.60850358950046	1567.2314105033875	21528.094390392303	22.234499068209065	50.0	513513.0
523548	10.0	18910.0	0.0	-15.739282251511423	0.0	22.272727272727273	0.006740500108042563	2.8221609592437744	0.032727747446150604	-0.014959982833605345	-0.31170887039148826	-1801.5712239959025	-10.01495995304801	-0.03968957054762126	-0.073110514214601	-0.0874559669728941	nan	-0.10452398967886851	2.749999999999999	0.012065347968825153	9.178577639839865	2.8598290952769196	12.03840682723305	3782.0	-13.703896626058356	0.0	18.0	23662.239941358566	45.20464468002319	89.63680676359031	1597.66943359375	22019.365863084793	22.1682354886276	49.0	523548.0
533838	10.0	19360.0	0.0	-15.56161588267553	0.0	21.913043478260867	0.006475053823795977	2.8214337359304014	0.0185944203411245	0.005430049746918603	-0.0928604507973196	-157.9418229123819	-9.99456987173661	-0.09875446584065568	0.10635761656664294	-0.14593053568703754	nan	-0.03214211105976415	2.5326086956521743	0.04409182366125907	9.402065950891249	215.97747597875804	225.3795449319093	3872.0	-12.14221826423146	0.0	18.0	24229.963919639587	45.61655330657959	89.6165909889198	1626.9296939373016	22557.417672395706	22.073698823196487	48.0	533838.0
544293	10.0	19820.0	0.0	-15.4639270660164	0.0	22.304347826086957	0.0062236386381656576	2.820629482683928	0.023214844577344088	0.01645462744084648	0.06297359507247478	7882.211797423986	-9.983545417371001	-0.08619203825345849	0.061531564776289634	-0.06499793131344792	nan	-0.029169013966684754	2.554347826086956	0.04425090382872093	9.038762118505394	1.364607099605643	10.403369188308718	3964.0	-22.010477774893783	0.0	30.0	24797.390357255936	46.29493427276611	89.59943598926634	1657.2208700180054	23093.874552965164	21.990663067566086	47.0	544293.0
554438	10.0	20270.0	0.0	-15.947330622051998	0.0	22.59090909090909	0.006652282921343365	2.819983495907351	0.025666376727386093	0.025146797740478583	-0.04753440022151068	-5973.095862475309	-9.974853233857585	0.10017042023404925	-0.10308760009039282	0.13086919201933506	nan	0.0	2.670454545454545	0.03478946167968038	9.754027713428844	1.2148238352753902	10.968851512128658	4054.0	-11.924650835336148	0.0	18.0	25333.624274015427	46.78341054916382	89.45478644833004	1686.5887506008148	23600.252112865448	21.925949666612443	46.0	554438.0
564800	10.0	20720.0	0.0	-15.471629378300246	0.0	22.043478260869566	0.006518598787648524	2.8195469560830477	0.031085073138365536	0.031499970693431585	0.014031926164929957	9.092980094578131	-9.968499981838725	-0.02017478217907332	0.020263641920831542	-0.026079245868300936	nan	0.0	2.6086956521739126	0.044176156009058484	9.096307816712752	1.090097900318063	10.186405674270958	4144.0	-14.738209888816023	0.0	17.0	25895.278260231018	47.23880124092102	89.33334227678048	1718.1614339351654	24129.87802505493	21.85078682257889	45.0	564800.0
575079	10.0	21180.0	0.0	-15.49300117733601	0.0	21.91304347826087	0.006590878484649178	2.818586191405421	0.022717060916639217	0.022212790067472073	0.5251454768067164	-3241.8172062228064	-9.977787235508794	-51.07300641583204	54.48447254294471	-57.53179214798098	nan	0.0	2.641304347826087	0.09858086461315398	425.8827896429143	0.9832712049069613	426.8660499531292	4236.0	-15.581419102804126	0.0	21.0	26438.314688920975	47.70776629447937	89.35652056494006	1748.7755482196808	24641.831374406815	21.791048674479136	44.0	575079.0
585222	10.0	21630.0	0.0	-15.949225262394872	0.0	22.636363636363637	0.006572185295887967	2.817924071441997	0.017758115718803424	0.016085443327113206	-2.131505045277829	-3022.2262070395736	-9.983914592049338	0.024648461338074412	0.006020731449098092	0.01996255847784182	nan	0.0	2.761363636363636	0.12568149110529286	8.876305412162438	0.8810840228741821	9.757389431649989	4326.0	-11.673108425153666	0.0	16.0	26937.492528915405	48.02495336532593	89.43267403776377	1778.5574672222137	25110.910108327866	21.763986153899445	43.0	585222.0
595407	10.0	22080.0	0.0	-15.546744988216595	0.0	21.65217391304348	0.0066715776768472524	2.81733928296877	0.0211066906204444	0.01912212750207432	0.7120943904155865	1057.3668850608506	-9.980877897013789	0.01571511773205281	0.10955618616824962	0.00341715223950575	nan	0.0	2.7608695652173902	0.08768587347430483	2221.786307200142	0.9493645474962565	2222.7355909658518	4416.0	-14.416312127016381	0.0	17.0	27463.02302122116	48.39031624794006	89.4600477049844	1807.4502770900726	25607.18242788315	21.718583882102813	42.0	595407.0
605660	10.0	22540.0	0.0	-15.301634428561623	0.0	21.73913043478261	0.006764526909176746	2.8165726817172514	0.02419722670459303	0.023821458352782484	1.213256890878572	-3799.252485806527	-9.976178563159445	0.36216957897514757	-0.8246386931701715	-0.9115124690705788	nan	0.0	2.630434782608696	0.06583965612064135	9.201273539791934	0.9099352262590243	10.111208723938983	4508.0	-12.62063664010375	0.0	16.0	28010.92100429535	48.74477529525757	89.48651365358502	1836.7150385379791	26125.461190462112	21.65997363867047	41.0	605660.0
615980	10.0	23000.0	0.0	-15.53015707442914	0.0	21.913043478260867	0.0064660226774361455	2.816071645073268	0.029521044565700403	-0.020424720133916472	-0.03757079102417819	-7087.901407241816	-10.020424718442172	0.09007535275747575	0.06571268207873171	0.04886113373251413	nan	-0.11540845854450826	2.7065217391304346	0.1637886868411428	10.457026823707245	1.9077607360870936	12.364787651144942	4600.0	-13.53146068562356	0.0	16.0	28547.029446840286	49.12104415893555	89.47285374837682	1867.0802199840546	26630.828182697296	21.614919638875772	40.0	615980.0
626389	10.0	23460.0	0.0	-15.719607883333833	0.0	22.217391304347828	0.006431993719635775	2.8153968323831977	0.028079560743260113	-0.028105739306606613	0.003462718752891068	-2753.22350828544	-10.028105725412782	0.03404388455870188	0.03998387585591485	0.060029286187668576	nan	-0.17185199552549008	2.608695652173913	0.13106660121767136	10.908688545227049	1.7116009593009949	12.620289481204484	4692.0	-11.291629370897056	0.0	17.0	29150.62986111641	49.47502374649048	89.51991660871455	1900.1948223114014	27200.960015058517	21.524540984731974	39.0	626389.0
636646	10.0	23920.0	0.0	-15.402415203367276	0.0	21.78260869565218	0.006700600224101673	2.8153641897699107	0.017005493256536827	-0.016945854715691707	0.017548376259029556	-10399.814343374053	-10.016945838928219	-0.6091785468382548	-1.0695151092165718	-2.017856319428614	nan	-0.12818588842840295	2.7282608695652173	0.10945331976995093	10.61284248206926	2.350372845711917	12.963215434032938	4784.0	-14.375049010405931	0.0	18.0	29732.55032491684	49.861963748931885	89.5672706050545	1932.735461473465	27749.952899694443	21.448394170148212	38.0	636646.0
646974	10.0	24380.0	0.0	-15.41099365377141	0.0	22.043478260869566	0.006481344371264721	2.813303172588348	0.019427519269907507	-0.019230756466549394	1.0105413599559805	5293.74007759923	-10.01923077002815	-0.09175659055448625	-0.1477189811576745	-0.14448178945404716	nan	-0.11832795599880422	2.706521739130435	0.08798131766315757	8.784402634786522	0.6200082366881163	9.404410885727929	4876.0	-11.907675698265667	0.0	16.0	30312.43175649643	50.21984124183655	89.58610558593377	1963.8995909690857	28298.312324285507	21.37893957691417	37.0	646974.0
657406	10.0	24840.0	0.0	-15.55596225973967	0.0	22.26086956521739	0.006529836227064546	2.812072111212689	0.024472456552129356	-0.02536443425639448	-0.011624986346325155	-1297.0618444111033	-10.025364461152451	0.0009031615361733282	-0.03216353705173115	0.019411924512140737	nan	-0.16349449764896667	2.6739130434782608	0.0769052168213447	9.047795021015665	0.5499242813042974	9.597719306531157	4968.0	-11.474618388164384	0.0	17.0	30913.57634139061	50.59613037109375	89.61159611902525	1997.380170583725	28865.60004043579	21.300794528108323	36.0	657406.0
667766	10.0	25300.0	0.0	-15.534977837893663	0.0	22.0	0.006931883470236283	2.810382599415986	0.01852005445150244	-0.017816889801554273	0.017023668810472136	-1734.1658417090134	-10.01781685455986	0.09884781679094257	0.12897636015449004	0.20487569105867123	nan	-0.10913004471070094	2.7391304347826075	0.0878449742677554	8.851043478302334	0.39055361533942434	9.241597128951033	5060.0	-16.093128406743535	0.0	23.0	31513.63800597191	51.11783409118652	89.59691038219596	2030.6663661003113	29431.85380578041	21.224173917155195	35.0	667766.0
677845	10.0	25750.0	0.0	-15.732711342984741	0.0	22.5	0.006680035090539605	2.8099783631888307	0.021785582697422808	-0.02270331735218037	-0.7714024533686992	-1441.251253634692	-10.022703279148452	-0.8177294307732319	-0.05647593969942219	0.25464065816909587	nan	-0.1910952051932162	2.7045454545454546	0.10296800558765724	26.271633137356154	0.309345567598939	26.580978583205834	5150.0	-13.902410786738084	0.0	18.0	32105.011162519455	51.51501989364624	89.60493482347132	2062.4098341464996	29991.08630847931	21.14730315170142	34.0	677845.0
688200	10.0	26200.0	0.0	-15.416071564028655	0.0	22.1304347826087	0.006729142639138129	2.809386574703715	0.02480896567665537	-0.025622444669784764	0.11820693030882544	-2450.959638489329	-10.025622481885161	0.4399598569092949	0.31383546958829345	0.22600922619660746	nan	-0.07456818020285068	2.7934782608695654	0.08768675280883163	9.038693656092102	0.40421316934668483	9.442906835804813	5240.0	-15.602296435225348	0.0	18.0	32699.39412665367	51.936089515686035	89.57162626953222	2094.620820760727	30552.83721637726	21.07974223344252	33.0	688200.0
698219	10.0	26650.0	0.0	-15.868680627129681	0.0	22.409090909090903	0.006772172044623983	2.809287277134983	0.09440099785397099	-0.08551969185753877	0.12141110618854739	-3705.0994963320823	-10.085519660602921	-0.5483917493160828	-0.5240655286655629	-0.48237653631969646	nan	-0.12646343051032588	2.681818181818181	0.057546653934432396	11544.6626209129	1.6067006902938543	11546.269237046894	5330.0	-14.593653922825535	0.0	18.0	33286.707280635834	52.333534240722656	89.57927394003698	2127.0519111156464	31107.321835279465	21.008941083950315	32.0	698219.0
708543	10.0	27100.0	0.0	-15.574964949879439	0.0	22.04347826086957	0.006522737261231828	2.808537996333579	0.023819292314360353	-0.0220836694347026	-0.559519663759325	-1111.493106199348	-10.02208366601363	0.007947791543024909	-0.12478728456240472	-0.05564606201875465	nan	-0.16496825922007224	2.6739130434782616	0.08759904667582934	38153.32834868328	0.46524776485951047	38153.79332070765	5420.0	-13.18153879404592	0.0	15.0	33893.530948638916	52.68160676956177	89.57585558545513	2158.485812187195	31682.36352968216	20.937506409549837	31.0	708543.0
718809	10.0	27560.0	0.0	-15.438415184581526	0.0	21.8695652173913	0.0068542768966163604	2.8082209281299435	0.020143624270547104	-0.01933416204466669	-0.4469893845345486	-3378.931410084598	-10.01933418149534	-0.07558382370979932	0.004116173132902291	0.05689911983284653	nan	-0.13523091149070993	2.6630434782608696	0.13111238974942818	479.1697606159292	0.4397437621069993	479.6095015173376	5512.0	-16.124257433394327	0.0	21.0	34496.13085246086	53.126089334487915	89.63580906582273	2190.4248208999634	32252.57994222641	20.869520674617068	30.0	718809.0
728834	10.0	28010.0	0.0	-15.633922816309134	0.0	22.272727272727273	0.006592699913943016	2.807893967086618	0.01825171586804704	-0.017179501625659604	-0.03853557355945337	-27519.93321644176	-10.01717951081016	-0.05082591381241482	-0.04631237391996282	-0.04113695731377283	nan	-0.15464986420490526	2.693181818181818	0.11435902184469295	9.43211233615875	0.5312256470999935	9.963338049975306	5602.0	-11.641662714851696	0.0	17.0	35083.44507265091	53.48777484893799	89.66534901750967	2222.0790162086487	32807.87828159332	20.806020224458916	29.0	728834.0
739093	10.0	28460.0	0.0	-15.457920614158141	0.0	21.73913043478261	0.006601843006058555	2.8067070375318117	0.03496081040795028	-0.03274994277166796	-0.0238001809240972	-4124.941404052403	-10.032749901647154	0.03888197890987418	0.01802256556940213	0.014698263607620589	nan	-0.10863710170530752	2.6847826086956523	0.0661634796007228	8.83007504629052	0.44232241874155787	9.272397507791936	5692.0	-11.16330071515068	0.0	17.0	35679.06640982628	53.85703134536743	89.70045097770773	2255.2313821315765	33369.977996349335	20.74634824311917	28.0	739093.0
749433	10.0	28920.0	0.0	-15.562436397516864	0.0	22.043478260869566	0.006507438865652229	2.805082852425783	0.02102836185105157	-0.0017582505354847898	5.155185928140543	-12920.980169980425	-10.001758295556769	-1.1056832637721372	0.13902803209819709	-0.08813475109902513	nan	-0.10365553139506477	2.641304347826086	0.03356395631622078	8.638612462126689	0.36859410191359737	9.00720660582833	5784.0	-8.807116642679286	0.0	17.0	36305.24336385727	54.255555391311646	89.66823701115536	2286.6401629447937	33964.347645521164	20.673450443879474	27.0	749433.0
759751	10.0	29380.0	0.0	-15.525396470328358	0.0	21.913043478260875	0.006458018830491474	2.804041344186534	0.030556092187732715	0.029662218261311872	0.019521172953081194	-21207.306449516953	-9.970337836638743	-0.022568044915122147	0.04759213012015529	-0.011612559611461126	nan	0.0	2.58695652173913	0.08767483067723617	9.16667528256126	0.4986728808802108	9.665348192919865	5876.0	-12.794104686457935	0.0	15.0	36938.16478705406	54.581300258636475	89.70105103396284	2317.824635028839	34565.758851766586	20.598622155897516	26.0	759751.0
770136	10.0	29840.0	0.0	-15.700445226396361	0.0	22.1304347826087	0.006619123033369365	2.8030191323031555	0.018987727300413777	0.017403073938644303	0.6045665254110328	-5627.916292771048	-9.982596946799235	-0.0036511488327485805	-0.055243615650713625	0.0118655322344832	nan	-0.026065995005647775	2.619565217391304	0.03342546967480236	8.940895179043642	25.508952311847523	34.449847672296606	5968.0	-17.70578955627527	0.0	27.0	37546.97628045082	55.17009782791138	89.74064203118405	2349.6502447128296	35142.15593791008	20.541448343370305	25.0	770136.0
780228	10.0	30290.0	0.0	-15.753999759187746	0.0	22.363636363636367	0.006593756605236028	2.8025960028171553	0.01901074071490241	-0.01875780700266558	3.0089579805961955	-3976.8367464867524	-10.01875784180381	-0.08345425530867284	-0.20127471277770714	-0.17782955300076125	nan	-0.1367887376691215	2.6704545454545454	0.046248285310395675	8.887918531894675	0.45896422558210115	9.346882803873582	6058.0	-11.960143379964569	0.0	16.0	38142.53761053085	55.509965658187866	89.76766497539698	2381.4201736450195	35705.607471227646	20.48540010196977	24.0	780228.0
790384	10.0	30730.0	0.0	-15.939693238806813	0.0	22.636363636363637	0.006662477818529376	2.802831075408243	0.02112979954872062	0.011461967784606529	0.030471500914162862	-4434.900733861056	-9.988538037646903	0.08752744060290174	-0.09728481059573824	0.09018449088299267	nan	-0.04279517715754495	2.7613636363636354	0.12589149913202038	9.220336605202064	0.6090119359168139	9.829348542473534	6146.0	-11.780290461219336	0.0	17.0	38700.282450437546	55.8421106338501	89.84259267877349	2412.2305455207825	36232.20979428291	20.45272212639359	23.0	790384.0
800498	10.0	31170.0	0.0	-15.998081811245012	0.0	22.454545454545457	0.006721233187074013	2.801879652521827	0.027891589245728193	0.028749526856442734	183.10831589001924	49487.02276051314	-9.971250469034368	7.6161827110852105	-4.1339501870450635	0.004712924802416741	nan	0.0	2.75	0.0234620423017938	9.195665885101665	0.6202351030978291	9.815901013937866	6234.0	-9.520975270814704	0.0	15.0	39286.86859202385	56.19068646430969	89.81915540764346	2443.931450366974	36786.746455192566	20.404898480904357	22.0	800498.0
810869	10.0	31620.0	0.0	-15.663216257092467	0.0	22.0	0.006531641064414191	2.801407186881357	0.016036995650777916	-0.007527283955434951	-0.01095851696648068	-224.9967326703273	-10.007527268451192	0.011792441779265504	0.018986377721454995	0.03438900926899488	nan	-0.06052563917087592	2.7391304347826084	0.17473075295963716	8.937952031259954	0.7954697868098382	9.733421766239664	6324.0	-14.239446144927166	0.0	17.0	39867.4734544754	56.58876585960388	89.80581079658792	2475.7798326015472	37335.10485601425	20.368022623518176	21.0	810869.0
820990	10.0	32080.0	0.0	-15.225154465478495	0.0	21.478260869565215	0.006599830959559135	2.7999851392663047	0.020265117564641617	-0.019973409077353874	0.016938619494992417	-1425.787498225337	-10.019973454268078	0.029944372238431886	0.019046786247560267	0.023411221325184906	nan	-0.10858833449690238	2.7282608695652164	0.011730903384382922	8.226713761039395	64.47034107407798	72.69705466602156	6416.0	-12.642519205927861	0.0	15.0	40470.291920661926	56.954570293426514	89.77330482274087	2506.706726551056	37906.630623817444	20.31482806981082	20.0	820990.0
831121	10.0	32530.0	0.0	-15.846920332948395	0.0	22.500000000000004	0.006787711717400024	2.798486647280779	0.02487884159725196	0.0015738953575648328	1.498591935702941	-28768.38395220583	-9.998426058075648	-0.8386116785781762	-0.13045201532300277	-0.14308395943970198	nan	-0.1122479724105109	2.7386363636363633	0.09171140625893487	9.428722955963824	11.93679365651174	21.36551664634184	6506.0	-15.194247790862677	0.0	20.0	41059.515035152435	57.39176678657532	89.78639774521376	2539.5611720085144	38462.562096357346	20.27019416921831	19.0	831121.0
841490	10.0	32980.0	0.0	-15.706376436721293	0.0	22.043478260869563	0.006791871942012856	2.7978541229082188	0.024963478747148677	0.021762772829304028	-0.03502371209121876	4238.06135778842	-9.978237297223963	0.14326955756658452	-0.027322644057794995	0.0026237103833725885	nan	0.0	2.673913043478261	0.05505326614380269	8.815516679183293	0.7534813537545825	9.568998046543282	6596.0	-12.034748726284628	0.0	15.0	41694.68180894852	57.746963024139404	89.77095467051632	2572.8217928409576	39064.11305308342	20.21018125166745	18.0	841490.0
851725	10.0	33440.0	0.0	-15.367905593896277	0.0	21.78260869565218	0.006506069163467897	2.797462328620579	0.0198922208976154	0.019464021610495895	0.04133227492971143	69455.37861782571	-9.980535963307254	0.012737680754862198	-0.008355761534007997	0.026684381880129338	nan	0.0	2.695652173913042	0.06601853640621638	9.004395241322722	0.7544653273147086	9.758860577707708	6688.0	-16.186795662047672	0.0	23.0	42316.4523358345	58.27208065986633	89.75138592574835	2604.6465656757355	39653.5336894989	20.155269224961568	17.0	851725.0
861983	10.0	33900.0	0.0	-15.40829684287957	0.0	21.826086956521735	0.006633709741594351	2.796465192152107	0.025959263562247287	0.023266801401239344	0.24283489647685852	-6026.820794312852	-9.976733218068665	0.22853043461382988	-0.09007177372531379	0.00393141568106923	nan	0.0	2.597826086956523	0.0877731040916624	8.768672590670375	0.7087819232888847	9.477454465368526	6780.0	-14.22431840946716	0.0	17.0	42947.08132791519	58.63699507713318	89.78973075059922	2636.297772169113	40252.146560668945	20.09825754719698	16.0	861983.0
872301	10.0	34360.0	0.0	-15.730453819752515	0.0	21.91304347826087	0.007012991234660149	2.7954166894373684	0.027743137102952363	0.02627496390745356	0.1303180570704053	12405.234010582386	-9.97372500792793	0.037813695942294674	-0.060056980604396994	-0.13249053361600405	nan	0.0	2.6739130434782603	0.04436114045118343	9.249715623648264	0.7450394338887669	9.994755060776422	6872.0	-12.744820234763061	0.0	18.0	43560.18794584274	59.06017279624939	89.75591755018772	2668.1458427906036	40832.98193025589	20.052376677472758	15.0	872301.0
882429	10.0	34820.0	0.0	-15.482417996188055	0.0	21.478260869565215	0.006364149658981224	2.793995211953703	0.03988952255704848	0.041680132753512456	0.7456951153252033	1149.8814409971237	-9.958319829857878	-0.3911207801037286	0.45076483581341675	-0.5052809693506392	nan	0.0	2.456521739130435	0.04428664655991711	8.576203449912692	0.5212297795907312	9.097433214602264	6964.0	-13.107034943637135	0.0	19.0	44236.01248693466	59.473604679107666	89.77091650668896	2700.669816970825	41475.86906528473	19.975059665764046	14.0	882429.0
892898	10.0	35280.0	0.0	-15.73804023436638	0.0	22.260869565217394	0.006609528801282461	2.793216453946156	0.020311590359731586	0.018635395264108	0.03357665087558259	2050.665942150613	-9.981364561163854	0.027604350028686102	-0.021989518789189835	-0.052428125116895624	nan	0.0	2.67391304347826	0.16381124127129754	9.339214133179706	0.8206168027675672	10.159830964129906	7056.0	-13.82640758705311	0.0	19.0	44819.5893034935	59.93087601661682	89.73671598774663	2734.2346892356873	42025.423738241196	19.948722384616573	13.0	892898.0
903164	10.0	35740.0	0.0	-15.59966964925463	0.0	21.956521739130434	0.0066681167910523365	2.7927133363226178	0.02232160493965121	-0.010612136927562318	-0.00420284689829235	25103.252983352413	-10.01061216644618	-0.24074360423812474	-0.5760815127008675	-0.4362350638973072	nan	-0.14956248778363934	2.641304347826086	0.0333589751757883	52257.611936989015	1.552021673192148	52259.16558309745	7148.0	-11.750281509222253	0.0	18.0	45452.495864868164	60.35724663734436	89.7158220708103	2767.430935382843	42624.70768284798	19.896925491791276	12.0	903164.0
913466	10.0	36200.0	0.0	-15.64239056294872	0.0	21.913043478260867	0.006563808617141582	2.7921079163965987	0.023999610121960058	-0.02115522547420258	-39.71326596308094	12396.257392821104	-10.021155232968535	-0.2066806124095582	0.05852540343513962	-0.05418268415799146	nan	-0.22291489912237486	2.532608695652174	0.07687596182333348	9.29371605230414	0.5578624327545579	9.851578499959862	7240.0	-16.202874154978986	0.0	22.0	46089.049372434616	60.83865213394165	89.74557799175645	2800.1954073905945	43228.01531291008	19.845785567265537	11.0	913466.0
923670	10.0	36660.0	0.0	-15.39981239641511	0.0	21.60869565217391	0.006877553588508262	2.791635077932608	0.02037833337682277	-0.018586079695276793	-1.4825340281594948	39.75635984669674	-10.018586044726167	0.052575336512982955	-0.057757849144526655	0.02591878545860274	nan	-0.0762855499658895	2.739130434782608	0.14207758168128654	8.907972444658693	0.42597863628812455	9.333951084510142	7332.0	-15.307151797347087	0.0	17.0	46678.84312033653	61.22529101371765	89.7341590221116	2833.546000480652	43784.07182884216	19.813753748245045	10.0	923670.0
933962	10.0	37120.0	0.0	-15.490908270687964	0.0	21.8695652173913	0.00667423163236969	2.7909321733143027	0.02208901736570606	-0.004052392648060011	0.06896955971909768	-5518.513655807657	-10.004052369490914	-0.028561482063631287	-0.1416258305676899	-0.17451608400907664	nan	-0.11479288744537722	2.652173913043478	0.06598328812840334	9.392607994701555	0.57466344502957	9.967271441998685	7424.0	-14.812355246763808	0.0	19.0	47278.82551074028	61.694650650024414	89.68362640364202	2865.4880633354187	44351.64279675484	19.780151461710705	9.0	933962.0
944234	10.0	37580.0	0.0	-15.517015033279183	0.0	21.869565217391305	0.006570777901367325	2.7900682998740143	0.016288126093834548	-0.015673536679779155	-0.04551850991455189	-6366.0748943660565	-10.015673512997832	0.011905398750652397	0.016643683609404634	0.01524020702092219	nan	-0.08169143922303031	2.7608695652173902	0.1638383345104726	8.891637123149374	0.8857900056502093	9.777427113574484	7516.0	-15.030482805021668	0.0	18.0	47864.901064395905	62.073237895965576	89.71660233567347	2898.375065803528	44904.45276069641	19.752680812672658	8.0	944234.0
954522	10.0	38040.0	0.0	-15.524107390591917	0.0	21.91304347826087	0.006487573993027858	2.7895413455755804	0.024236985347843677	0.013646799782641031	-0.056615327849969	-624.6137610475494	-9.986353138218753	-87.95620354380186	82.04453174307633	-76.46702123477895	nan	-0.025733073768408398	2.6304347826086962	0.0767611367881877	8.812688340311466	13.188814919927848	22.001503239507255	7608.0	-14.53963597459605	0.0	18.0	48489.00973176956	62.4608268737793	89.73624398739665	2931.1878275871277	45495.361077308655	19.710716984490723	7.0	954522.0
964864	10.0	38500.0	0.0	-15.629520625444504	0.0	22.043478260869563	0.006734012484388506	2.7883357587067974	0.02149470476055036	0.019711723240280633	3.868862519303586	-34984.874035545006	-9.980288256769592	-0.11820445201643139	0.08625247243996807	-0.04248504023353631	nan	-0.013352261937182888	2.6847826086956523	0.1094474470468665	9.202601567558617	0.6271342751772506	9.829735833665602	7700.0	-14.676698003703645	0.0	18.0	49099.20239067078	62.9094500541687	89.6685632308464	2963.309408426285	46072.98353219032	19.67652818226816	6.0	964864.0
975098	10.0	38960.0	0.0	-15.444022295689372	0.0	21.956521739130434	0.006750294169330078	2.7877381055251407	0.0272405612569704	0.027081326369433004	0.051115002210439284	-5442.0657577929305	-9.972918686659437	0.05548176131766094	-0.005231379433573	-0.003745251051757634	nan	0.0	2.6847826086956523	0.08763831258114435	9.041864161906034	0.9742657224769182	10.01612989280535	7792.0	-11.86829604545732	0.0	15.0	49723.110203027725	63.23655652999878	89.67913990240338	2995.9607198238373	46663.91292667389	19.635531232745475	5.0	975098.0
985145	10.0	39420.0	0.0	-15.065390114762314	0.0	21.304347826086957	0.00649413267535198	2.787217798440353	0.023861511333105195	0.022866985185962675	-12.480177849779823	-60.652134584344054	-9.97713303565979	-0.08888221043541662	-0.09792020534476487	-0.030525339686352286	nan	0.0	2.66304347826087	0.08777703674118317	3529.546926135601	0.38818819173004304	3529.935148524201	7884.0	-11.823013529673593	0.0	19.0	50318.140860795975	63.67384171485901	89.66005264085928	3027.0064313411713	47227.460587739944	19.603132983699744	4.0	985145.0
995292	10.0	39880.0	0.0	-15.359091551353732	0.0	21.652173913043477	0.006449243256255335	2.7862446904182443	0.018743376486595745	0.01826141382991536	-0.032529562049919906	-26151.23919710905	-9.981738650280498	0.003445651745373064	0.010762974489847216	-0.008541206931034178	nan	0.0	2.6630434782608705	0.05513422341005186	8.694237703862399	0.4697669190557106	9.164004642030468	7976.0	-12.702688433541038	0.0	18.0	50942.07678294182	64.09107756614685	89.63806224151442	3058.8260848522186	47819.15962052345	19.562331059321778	3.0	995292.0
1005553	10.0	40340.0	0.0	-15.669622382343755	0.0	21.913043478260867	0.006560278469291717	2.785364511220352	0.02409126633965068	0.024388879735755774	-0.29793040122604036	-1551.9857813379037	-9.97561122023541	-0.019560149786348523	0.25728084123357287	-0.16270828078900793	nan	0.0	2.6847826086956528	0.1420574851244853	26.79753751858421	0.5178291551444841	27.31536690048549	8068.0	-15.638585587942101	0.0	25.0	51551.81447434425	64.71761846542358	89.55830170259749	3090.9396600723267	48396.1571958065	19.530194192434553	2.0	1005553.0
1015741	10.0	40800.0	0.0	-15.34490276452828	0.0	21.73913043478261	0.006360104631470597	2.783757743628129	0.02246003393027252	0.018450972397970052	-0.5351018654207861	-5446.658467354981	-9.981548993483832	0.05787189680268057	0.18433037424477772	0.05531061293296933	nan	0.0	2.6521739130434776	0.10954078754808201	653.9711370882782	0.37336950619583553	654.3445105759993	8160.0	-12.610430861007941	0.0	17.0	52164.45129823685	65.11157464981079	89.55396995635313	3124.8363060951233	48974.50341749191	19.496235564385504	1.0	1015741.0
1025877	10.0	41260.0	0.0	-15.247068313010606	0.0	21.47826086956522	0.006663583856804863	2.7830501742984937	0.02241196842406804	0.004022817532761575	0.024670210153208635	-21080.41071004453	-9.995977246243022	0.03261338672524762	0.04217281347060318	0.04528957626351493	nan	-0.05225818199308022	2.7173913043478266	0.07695939288360408	28.932016486706946	0.3843613208635994	29.316377987032354	8252.0	-13.142568494220642	0.0	20.0	52773.503051519394	65.56658554077148	89.55781289462747	3158.645698070526	49549.290767908096	19.46342560123128	0.0	1025877.0
